23200115475228000105572210011633251000000024
23200115475228000105572210011637251000000085
23200215475228000105572210011843541000000013
23200215475228000105572210011961201000000041
23200215475228000105572210011961091000000079
22200115475228000610570000000079841000000013
23200215475228000105572210011843551000000053
23200215475228000105572210011961311000000037
23200115475228000105572210011643291000000087
23200215475228000105572210011924861000000041
23200215475228000105572210011862211000000040
22200115475228000610570000000079181000000000
23200215475228000105572210011978201000000044
23200115475228000105572210011643691000000082
23200115475228000105572210011741431000000089
23200115475228000105572210011542331000000080
23200215475228000105572210011977961000000004
23200215475228000105572210011977841000000020
23200215475228000105572210011977831000000014
23200215475228000105572210011871951000000051
22200115475228000610570000000080331000000087
23200215475228000105572210012000131000000010
23200815475228000105572210013382251000000013
23200515475228000105572210012593531000000062
23200115475228000105572210011659021000000013
23200115475228000105572210011542321000000016
23200215475228000105572210011902591000000087
23200215475228000105572210011873031000000085
23200215475228000105572210011885321000000058
23200215475228000105572210011895751000000033
23200215475228000105572210011872881000000036
23200215475228000105572210011895891000000047
23200215475228000105572210011885031000000013
23200215475228000105572210011885221000000051
23200215475228000105572210011885271000000040
23200215475228000105572210011885191000000064
13190801341776000480570030001063011001063016
13190701341776000480570030001057441001057440
